0 188 255
255 55 0
12 244 234
0 196 255
255 192 0
192 255 54
0 0 172
241 7 0
255 148 0
134 255 112
255 100 0
255 70 0
0 0 159
173 255 73
186 0 0
154 255 92
0 64 255
0 0 245
2 232 244
0 172 255
24 255 221
0 88 255
0 0 150
255 181 0
0 224 250
234 255 12
255 177 0
255 33 0
241 252 5
213 0 0
0 24 255
0 200 255
255 115 0
0 136 255
0 0 177
0 132 255
92 255 154
224 255 21
179 255 66
145 0 0
0 12 255
0 48 255
150 255 95
244 248 2
245 11 0
0 0 254
255 126 0
63 255 183
255 59 0
0 0 232
205 255 41
255 215 0
0 108 255
254 18 0
0 0 255
221 255 24
232 0 0
255 170 0
50 255 195
218 0 0
250 240 0
0 28 255
255 226 0
255 137 0
170 255 76
136 0 0
121 255 125
5 236 241
0 0 136
0 220 254
160 255 86
163 255 83
0 124 255
0 0 191
105 255 141
60 255 186
163 0 0
231 255 15
255 77 0
141 255 105
255 103 0
172 0 0
0 164 255
200 0 0
227 0 0
15 248 231
255 196 0
255 185 0
41 255 205
0 160 255
0 156 255
115 255 131
0 0 213
255 144 0
0 8 255
204 0 0
0 0 255
0 0 227
83 255 163
0 176 255
186 255 60
73 255 173
0 0 145
127 0 0
215 255 31
0 0 163
34 255 212
66 255 179
112 255 134
255 155 0
0 0 204
255 122 0
255 29 0
0 0 218
0 0 127
144 255 102
255 44 0
0 144 255
0 0 200
255 207 0
195 255 50
0 76 255
0 208 255
0 112 255
150 0 0
21 255 225
0 0 132
255 203 0
255 89 0
0 120 255
212 255 34
255 40 0
0 0 241
0 96 255
255 133 0
0 184 255
255 111 0
255 159 0
0 72 255
0 36 255
254 237 0
0 52 255
255 66 0
255 166 0
255 22 0
0 60 255
255 81 0
0 40 255
183 255 63
102 255 144
86 255 160
255 229 0
255 48 0
159 0 0
54 255 192
76 255 170
0 16 255
95 255 150
191 0 0
177 0 0
0 100 255
0 212 255
255 92 0
131 255 115
44 255 202
124 255 121
0 84 255
0 0 255
0 0 186
202 255 44
31 255 215
255 218 0
0 148 255
132 0 0
